API authentication success.
Mermin's inequality test.
---------------------
RESULTS: XXXXX
---------------------
State       | 11101 | 00000 | 10010 | 00011 | 01001 | 00110 | 01100 | 10111 | 11000 | 11110 | 11011 | 01111 | 10100 | 01010 | 10001 | 00101 | 
Probability | 0.079 | 0.076 | 0.069 | 0.068 | 0.065 | 0.064 | 0.064 | 0.064 | 0.064 | 0.062 | 0.061 | 0.057 | 0.057 | 0.055 | 0.048 | 0.047 | 
<XXXXX> =  1.000
---------------------
RESULTS: YYXXX
---------------------
State       | 11001 | 00010 | 00001 | 10000 | 11100 | 01000 | 10101 | 00100 | 11010 | 01101 | 10011 | 00111 | 10110 | 11111 | 01110 | 01011 | 
Probability | 0.076 | 0.073 | 0.070 | 0.069 | 0.067 | 0.065 | 0.064 | 0.063 | 0.062 | 0.059 | 0.057 | 0.056 | 0.056 | 0.056 | 0.054 | 0.053 | 
<YYXXX> =  -1.000
---------------------
RESULTS: YYYYX
---------------------
State       | 10100 | 00011 | 11101 | 01111 | 11000 | 10111 | 11011 | 01100 | 00110 | 00101 | 10010 | 11110 | 10001 | 00000 | 01010 | 01001 | 
Probability | 0.084 | 0.074 | 0.072 | 0.070 | 0.069 | 0.068 | 0.066 | 0.063 | 0.061 | 0.058 | 0.057 | 0.055 | 0.053 | 0.051 | 0.051 | 0.048 | 
<YYYYX> =  1.000
<M5>exp = -16.000000000000004