API authentication success.
Mermin's inequality test.

Waiting for results...
---------------------
RESULTS: XXXXX
---------------------
State       | 00000 | 00001 | 00010 | 00011 | 00100 | 00101 | 00110 | 00111 | 01000 | 01001 | 01010 | 01011 | 01100 | 01101 | 01110 | 01111 | 10000 | 10001 | 10010 | 10011 | 10100 | 10101 | 10110 | 10111 | 11000 | 11001 | 11010 | 11011 | 11100 | 11101 | 11110 | 11111 | 
Probability | 0.058 | 0.024 | 0.016 | 0.041 | 0.016 | 0.034 | 0.055 | 0.031 | 0.020 | 0.053 | 0.045 | 0.009 | 0.031 | 0.010 | 0.030 | 0.047 | 0.024 | 0.054 | 0.040 | 0.016 | 0.029 | 0.013 | 0.031 | 0.046 | 0.053 | 0.013 | 0.007 | 0.042 | 0.010 | 0.035 | 0.044 | 0.024 | 
<XXXXX> =  0.415

Waiting for results...
---------------------
RESULTS: YYXXX
---------------------
State       | 00000 | 00001 | 00010 | 00011 | 00100 | 00101 | 00110 | 00111 | 01000 | 01001 | 01010 | 01011 | 01100 | 01101 | 01110 | 01111 | 10000 | 10001 | 10010 | 10011 | 10100 | 10101 | 10110 | 10111 | 11000 | 11001 | 11010 | 11011 | 11100 | 11101 | 11110 | 11111 | 
Probability | 0.025 | 0.044 | 0.051 | 0.017 | 0.028 | 0.013 | 0.035 | 0.053 | 0.051 | 0.014 | 0.016 | 0.048 | 0.011 | 0.029 | 0.058 | 0.027 | 0.054 | 0.014 | 0.016 | 0.041 | 0.013 | 0.028 | 0.052 | 0.027 | 0.018 | 0.043 | 0.048 | 0.013 | 0.029 | 0.010 | 0.029 | 0.046 | 
<YYXXX> =  -0.405

Waiting for results...
---------------------
RESULTS: YYYYX
---------------------
State       | 00000 | 00001 | 00010 | 00011 | 00100 | 00101 | 00110 | 00111 | 01000 | 01001 | 01010 | 01011 | 01100 | 01101 | 01110 | 01111 | 10000 | 10001 | 10010 | 10011 | 10100 | 10101 | 10110 | 10111 | 11000 | 11001 | 11010 | 11011 | 11100 | 11101 | 11110 | 11111 | 
Probability | 0.054 | 0.026 | 0.016 | 0.049 | 0.016 | 0.030 | 0.055 | 0.033 | 0.019 | 0.048 | 0.054 | 0.012 | 0.027 | 0.011 | 0.030 | 0.052 | 0.025 | 0.037 | 0.031 | 0.013 | 0.023 | 0.010 | 0.033 | 0.023 | 0.059 | 0.012 | 0.020 | 0.044 | 0.009 | 0.026 | 0.061 | 0.042 | 
<YYYYX> =  0.345

<M5>exp = -6.192626953125