API authentication success.
Mermin's inequality test.

Waiting for results...
---------------------
RESULTS: YYYY
---------------------
State       | 00000 | 00010 | 00100 | 00110 | 01000 | 01010 | 01100 | 01110 | 10000 | 10010 | 10100 | 10110 | 11000 | 11010 | 11100 | 11110 | 
Probability | 0.037 | 0.093 | 0.063 | 0.072 | 0.098 | 0.020 | 0.017 | 0.094 | 0.117 | 0.032 | 0.016 | 0.097 | 0.023 | 0.093 | 0.061 | 0.067 | 
<YYYY> =  -0.433

Waiting for results...
---------------------
RESULTS: XYYY
---------------------
State       | 00000 | 00010 | 00100 | 00110 | 01000 | 01010 | 01100 | 01110 | 10000 | 10010 | 10100 | 10110 | 11000 | 11010 | 11100 | 11110 | 
Probability | 0.083 | 0.049 | 0.042 | 0.085 | 0.055 | 0.063 | 0.037 | 0.072 | 0.082 | 0.066 | 0.039 | 0.076 | 0.071 | 0.043 | 0.036 | 0.100 | 
<XYYY> =  0.089

Waiting for results...
---------------------
RESULTS: YXXX
---------------------
State       | 00000 | 00010 | 00100 | 00110 | 01000 | 01010 | 01100 | 01110 | 10000 | 10010 | 10100 | 10110 | 11000 | 11010 | 11100 | 11110 | 
Probability | 0.069 | 0.069 | 0.042 | 0.086 | 0.078 | 0.042 | 0.033 | 0.093 | 0.074 | 0.055 | 0.031 | 0.093 | 0.060 | 0.057 | 0.039 | 0.078 | 
<YXXX> =  -0.090

Waiting for results...
---------------------
RESULTS: XXXX
---------------------
State       | 00000 | 00010 | 00100 | 00110 | 01000 | 01010 | 01100 | 01110 | 10000 | 10010 | 10100 | 10110 | 11000 | 11010 | 11100 | 11110 | 
Probability | 0.037 | 0.099 | 0.069 | 0.061 | 0.107 | 0.016 | 0.018 | 0.109 | 0.100 | 0.022 | 0.019 | 0.106 | 0.021 | 0.098 | 0.068 | 0.049 | 
<XXXX> =  -0.512

<M4>exp = 4.514892578125